1130.7 0.5 0.15 3.5 0.01 -0.18254 0.016250.7 0.5 0.15 3.5 0.01 -0.18254 0.085660.7 0.5 0.15 3.5 0.01 0.01625 0.085660.7 0.1 0.0 5.38 0.01 -0.06613 0.025240.7 0.1 0.0 5.38 0.01 -0.06613 0.304730.7 0.1 0.0 5.38 0.01 0.02524 0.304730.7 0.5 0.0 2.0 0.01 -1.20214 -0.113230.7 0.5 0.0 2.0 0.01 -1.20214 0.138060.7 0.5 0.0 2.0 0.01 -0.11323 0.138060.7 0.5 -0.1 1.57 0.01 -0.507 -0.012810.7 0.5 -0.1 1.57 0.01 -0.507 0.012970.7 0.5 -0.1 1.57 0.01 -0.01281 0.012970.7 0.5 0.1 1.35 0.01 -0.08231 0.075110.7 0.5 0.1 1.35 0.01 -0.08231 1.12127
0.7 0.5 0.1 1.35 0.01 0.07511 1.121270.65 0.1 0.52 5.0 0.01 -0.29069 0.871080.65 0.1 0.52 5.0 0.01 -0.29069 0.879280.65 0.1 0.52 5.0 0.01 0.87108 0.879280.7 0.5 -0.35 1.5 0.01 -1.01649 -0.974650.7 0.5 -0.35 1.5 0.01 -1.01649 0.014840.7 0.5 -0.35 1.5 0.01 -0.97465 0.014840.7 0.5 0.8 4.0 0.01 0.045 0.551860.7 0.5 0.8 4.0 0.01 0.045 0.604780.7 0.5 0.8 4.0 0.01 0.55186 0.604780.7 0.1 0.1 4.6 0.01 -0.20823 -0.006760.7 0.1 0.1 4.6 0.01 -0.20823 0.1493
0.7 0.1 0.1 4.6 0.01 -0.00676 0.14930.7 0.5 -0.2 1.4 0.01 -0.51524 0.030980.7 0.5 -0.2 1.4 0.01 -0.51524 1.129150.7 0.5 -0.2 1.4 0.01 0.03098 1.129150.7 0.5 0.3 1.93 0.01 -1.11878 0.105930.7 0.1 0.25 5.3 0.01 -0.1024 0.913910.7 0.5 1.12 3.2 0.01 -0.32584 -0.095330.7 0.1 0.75 4.6 0.01 -0.74331 0.03092
0.7 0.1 0.75 4.6 0.01 -0.74331 0.539770.7 0.1 0.75 4.6 0.01 0.03092 0.539770.9 0.03 -0.15 2.0 0.01 -0.27698 0.065760.9 0.03 -0.15 2.0 0.01 -0.27698 0.09019
0.9 0.03 -0.15 2.0 0.01 0.06576 0.090190.9 0.03 -0.1 1.6 0.01 -0.15107 -0.121480.9 0.03 -0.1 1.6 0.01 -0.15107 0.111630.9 0.03 -0.1 1.6 0.01 -0.12148 0.11163
0.9 0.03 -0.2 2.3 0.01 -0.47211 0.010110.9 0.03 -0.2 2.3 0.01 -0.47211 0.040440.9 0.03 -0.2 2.3 0.01 0.01011 0.040441.5 0.5 0.1 3.2 0.01 -0.45923 -0.325311.5 0.5 0.1 3.2 0.01 -0.45923 0.63255
1.5 0.5 0.1 3.2 0.01 -0.32531 0.632551.5 0.5 0.0 3.0 0.01 -0.44535 -0.347811.5 0.5 0.0 3.0 0.01 -0.44535 0.65631.5 0.5 0.0 3.0 0.01 -0.34781 0.65630.9 0.03 -0.26 1.65 0.01 -0.22177 0.167480.9 0.03 -0.26 1.65 0.01 -0.22177 0.194050.9 0.03 -0.26 1.65 0.01 0.16748 0.194051.5 0.5 0.3 2.8 0.01 0.31411 0.78162
1.5 0.5 0.3 2.8 0.01 0.58817 0.781620.9 0.03 -0.3 1.8 0.01 -0.28464 0.1291
0.9 0.03 -0.3 1.8 0.01 -0.28464 0.142020.9 0.03 -0.3 1.8 0.01 0.1291 0.142021.5 0.5 0.3 2.9 0.01 -0.48885 0.39245
1.5 0.5 0.3 2.9 0.01 -0.48885 0.56195
1.5 0.5 0.3 2.9 0.01 0.39245 0.561951.5 0.5 0.25 2.75 0.01 0.20834 0.73845
1.5 0.5 0.25 2.75 0.01 0.66775 0.73845
1.5 0.5 0.35 2.2 0.01 0.06007 0.6458
1.5 0.5 0.35 2.2 0.01 0.5378 0.6458
1.5 0.5 0.25 2.5 0.01 -0.45776 0.09626
1.5 0.5 0.25 2.5 0.01 -0.45776 0.58665
1.5 0.5 0.25 2.5 0.01 0.09626 0.58665
1.5 0.5 0.25 2.0 0.01 -0.04058 0.2958
1.5 0.5 0.25 2.0 0.01 -0.04058 0.47182
1.5 0.5 0.25 2.0 0.01 0.2958 0.47182
1.5 0.5 0.7 1.5 0.01 -0.07965 -0.01574
1.5 0.5 0.7 1.5 0.01 -0.07965 0.34594
1.5 0.5 0.7 1.5 0.01 -0.01574 0.345941.5 0.5 0.45 4.6 0.01 -0.40928 -0.04946
1.5 0.5 0.45 4.6 0.01 -0.40928 0.27708
1.5 0.5 0.45 4.6 0.01 -0.04946 0.27708
1.5 0.5 0.33 3.2 0.01 -0.36736 0.65181
0.9 0.1 -0.45 1.65 0.01 -0.4663 -0.00103
0.9 0.1 -0.45 1.65 0.01 -0.4663 0.37168
0.9 0.1 -0.45 1.65 0.01 -0.00103 0.371682.2 0.5 0.1 3.0 0.01 0.74611 1.06918
2.2 0.5 0.1 3.0 0.01 0.74611 1.18948
2.2 0.5 0.1 3.0 0.01 1.06918 1.18948
2.2 0.5 0.35 2.9 0.01 1.07297 1.14242
2.2 0.5 0.35 2.9 0.01 1.07297 1.28772
2.2 0.5 0.35 2.9 0.01 1.14242 1.28772
2.2 0.5 0.4 2.8 0.01 0.98474 1.16883
2.2 0.5 0.4 2.8 0.01 0.98474 1.21577
2.2 0.5 0.4 2.8 0.01 1.16883 1.21577
2.2 0.5 1.05 2.0 0.01 0.39398 0.56261
2.2 0.5 1.05 2.0 0.01 0.39398 0.6566
2.2 0.5 1.05 2.0 0.01 0.56261 0.6566
2.2 0.5 0.45 2.7 0.01 -0.67542 0.89586
2.2 0.5 0.45 2.7 0.01 -0.67542 1.10689
2.2 0.5 0.45 2.7 0.01 0.89586 1.10689
2.2 0.5 1.0 1.9 0.01 0.30045 0.39828
2.2 0.5 1.0 1.9 0.01 0.30045 0.52621
2.2 0.5 1.0 1.9 0.01 0.39828 0.52621
2.2 0.5 1.23 1.6 0.01 -0.17028 0.01821
2.2 0.5 1.23 1.6 0.01 -0.17028 0.05286
2.2 0.5 1.23 1.6 0.01 0.01821 0.05286
2.2 0.5 0.35 2.7 0.01 -0.66716 0.7449
2.2 0.5 0.35 2.7 0.01 -0.66716 1.14629
2.2 0.5 0.35 2.7 0.01 0.7449 1.14629
2.2 0.5 0.05 2.95 0.01 -0.64485 0.23071
2.2 0.5 0.05 2.95 0.01 -0.64485 1.20146
2.2 0.5 0.05 2.95 0.01 0.23071 1.20146
2.2 0.5 0.35 3.0 0.01 -0.68509 1.15393
1.8 0.03 1.0 2.3 0.01 -0.08517 0.72053
1.8 0.03 1.0 2.3 0.01 -0.08517 0.88924
1.8 0.03 1.0 2.3 0.01 0.72053 0.88924